t 0.16671 0 0
T 0.16671 0 1
a 0.11602 1 0
A 0.11602 1 1
s 0.07755 0 0
S 0.07755 0 1
h 0.07232 0 0
H 0.07232 0 1
w 0.06661 0 0
W 0.06661 0 1
i 0.06286 1 0
I 0.06286 1 1
o 0.06264 1 0
O 0.06264 1 1
b 0.04701 0 0
B 0.04701 0 1
m 0.04374 0 0
M 0.04374 0 1
f 0.03779 0 0
F 0.03779 0 1
c 0.03511 0 0
C 0.03511 0 1
l 0.02705 0 0
L 0.02705 0 1
d 0.02670 0 0
D 0.02670 0 1
p 0.02545 0 0
P 0.02545 0 1
n 0.02365 0 0
N 0.02365 0 1
e 0.02001 1 0
E 0.02001 1 1
g 0.01950 0 0
G 0.01950 0 1
r 0.01653 0 0
R 0.01653 0 1
y 0.01620 0 0
Y 0.01620 0 1
u 0.01487 1 0
U 0.01487 1 1
k 0.00690 0 0
K 0.00690 0 1
j 0.00631 0 0
J 0.00631 0 1
v 0.00619 0 0
V 0.00619 0 1
q 0.00173 0 0
Q 0.00173 0 1
z 0.00050 0 0
Z 0.00050 0 1
x 0.00005 0 0
X 0.00005 0 1